0.4347311772286069 3
0.4662635934030843 2
0.5322900816270651 3
0.5495911326720457 2
0.6484366473512937 2
0.6724288607476241 3
0.7741634610348116 2
0.8130391121010193 2
0.9013608178424459 0
0.9968088975019532 2
0.4095119823963393 2
0.46569745330627677 2
0.5170771215977342 3
0.5457965492364898 2
0.6345689884464305 3
0.6462640036931874 2
0.7724102832766345 2
0.7764149818281022 2
0.9104654725681272 0
0.9840444875097657 2
0.3926244304699516 1
0.45425368318065784 1
0.478243648293991 1
0.5378892083696049 1
0.5815060394727539 1
0.6270959247707898 1
0.7497404149410659 3
0.7520675118514693 3
0.9196620935031588 2
0.9202224375488282 2
0.4589408307049543 2
0.4796241051983938 3
0.5516836609749388 2
0.5836672223892002 2
0.6496919956122806 2
0.7080217803344687 2
0.7547813508416708 2
0.8472612259643603 2
0.8734679072193646 0
0.9999742932128907 2
0.4502465906977901 2
0.4698830881947046 3
0.5471577039249336 2
0.5726712790332115 3
0.6525868009262186 2
0.6962651353120246 2
0.7619035532847916 2
0.8430385529715173 2
0.8822908153730956 0
0.9998714660644532 2
0.44244262038178356 3
0.45668773297821363 3
0.5379548584014405 2
0.5563164997756075 3
0.6517173981986573 2
0.6850676493784692 3
0.7682451559705542 2
0.8329316700309178 2
0.8912028438112077 0
0.9993573303222657 2
0.42954109967343146 3
0.433580772481575 3
0.5290029877389756 3
0.5318587819074287 3
0.6446641956640016 2
0.6704653054978218 3
0.7723128846464844 2
0.8108909811539154 2
0.9002048927385937 0
0.9967866516113282 2
0.391812462017212 3
0.40357987387664795 3
0.5110376756030274 3
0.5157796330374146 3
0.6317479722653199 3
0.6342677487928773 3
0.7698647828198243 2
0.7723863411199952 2
0.909297871453125 0
0.9839332580566407 2
0.36780653320312506 1
0.38385616904296876 1
0.45316163203125004 1
0.47179080996093753 1
0.5614409172363282 1
0.5763568267822266 1
0.7482946509155274 3
0.7496376299621582 3
0.9184826984375001 2
0.9196662902832031 2
0.38475236474609376 3
0.45884253222656257 3
0.4732842485351563 3
0.5612854726562501 3
0.5789548833007813 3
0.68813060546875 3
0.703417314453125 2
0.8382860937500001 2
0.8472300595703125 2
0.999936 2
0.36332673828125 3
0.4358668359375001 3
0.46113511718750005 3
0.5351089453125001 3
0.566077265625 3
0.6781365234375001 3
0.6900591796875001 3
0.8217125000000002 2
0.8428244921875 2
0.9996800000000001 2
0.3440953125 4
0.39568593750000003 4
0.43868671875 3
0.5108734375 4
0.5399125 3
0.6568125000000001 3
0.68175859375 3
0.7887812500000001 2
0.8319203125000001 2
0.9984000000000001 2
0.32337499999999997 4
0.36012500000000003 4
0.40240624999999997 4
0.48968750000000005 4
0.5152812499999999 4
0.6045312500000001 3
0.6636875 3
0.7551562500000001 3
0.8070625 2
0.9920000000000001 2
0.24 4
0.27 4
0.355 4
0.40249999999999997 4
0.49624999999999997 4
0.515 4
0.624375 3
0.7262500000000001 3
0.761875 3
0.9600000000000001 2
0.0 0
0.0 0
0.0 0
0.0 0
0.3 4
0.3 4
0.55 4
0.65 3
0.725 3
0.8 2
0.2798210013680373 0
0.30421877996331476 0
0.32995599111816376 0
0.37226199919348923 0
0.38897377760763785 0
0.4588009912583509 0
0.46479529773338313 0
0.546985387332324 0
0.5761840227918071 0
0.6210923943686486 0
0.280491883675156 0
0.29417295830443846 0
0.3340860937452802 0
0.3581296760695409 0
0.3909994032605135 0
0.4510590267456345 0
0.46303914546091957 0
0.548162226984737 0
0.5524462399350535 0
0.6562463849830628 0
0.2937246732864248 0
0.30621757385117815 0
0.3530070416178091 0
0.3735064300460218 0
0.4155691505905796 0
0.453083656380626 0
0.4827035427109828 0
0.5421038451228067 0
0.5529675356113144 0
0.749990359954834 0
0.2759209667129351 0
0.324324964725512 0
0.3369560917380813 0
0.38966845000588546 0
0.41234992440019125 0
0.45849240596259827 0
0.5002013033472005 0
0.5324280963876168 0
0.5983490276964577 0
0.6011121877441405 0
0.2659061563731223 0
0.3177088686764316 0
0.3258782989350053 0
0.3865290657561426 0
0.4033346630884853 0
0.46074286261547037 0
0.49083158928768406 0
0.537517441660549 0
0.5957259411261008 0
0.602965833984375 0
0.25239535068344593 0
0.3092687914023772 0
0.31269229738440657 0
0.3790267771510563 0
0.390491452190825 0
0.4604024776707001 0
0.4759525680695729 0
0.5421770006169232 0
0.5892451793473363 0
0.607908890625 0
0.23947349600761414 0
0.2957137893340302 0
0.3019873444509888 0
0.3660738767388153 0
0.3708452336777115 0
0.4554270558087159 0
0.4583158670316124 0
0.5456004422398681 0
0.5745338266482354 0
0.621090375 0
0.23501611547698978 0
0.27753242928771976 0
0.2895199521652222 0
0.344449032371521 0
0.3546528743476868 0
0.444607366003418 0
0.44978930429763797 0
0.5456366411865234 0
0.5481569463386535 0
0.656241 0
0.24285347222900394 0
0.286924846069336 0
0.3002623958129883 0
0.35708983575439457 0
0.3693841714782715 0
0.43732499176025397 0
0.44980051483154304 0
0.5365483447265625 0
0.5420855666198731 0
0.749976 0
0.24342372070312504 0
0.26285689453125005 0
0.3062903906250001 0
0.32741547363281254 0
0.3909540893554688 0
0.4060695739746094 0
0.47806937255859383 0
0.49605072509765624 0
0.5925094921875 0
0.5983314514160156 0
0.21326308593749999 0
0.23981660156249998 0
0.2816654296875 0
0.3070306640625 0
0.36440771484375006 0
0.392793017578125 0
0.45313916015625005 0
0.47997744140625004 0
0.5803453125 0
0.595550537109375 0
0.173015625 0
0.20082421875 0
0.24023437500000003 0
0.27883593749999996 0
0.31494140625 0
0.365689453125 0
0.41958984375 0
0.44801953125000005 0
0.5491875 0
0.588134765625 0
0.10125 0
0.133125 0
0.1509375 0
0.22828125 0
0.23531249999999998 0
0.311484375 0
0.36375 0
0.38765625 0
0.47250000000000003 0
0.568359375 0
0.0 0
0.0 0
0.0 0
0.11249999999999999 0
0.11249999999999999 0
0.20625000000000002 0
0.24375000000000002 0
0.271875 0
0.30000000000000004 0
0.515625 0
0.0 0
0.0 0
0.0 0
0.0 0
0.0 0
0.0 0
0.0 0
0.0 0
0.0 0
0.375 0
0.0 0
0.0 0
