UCB
    [219.29999999999444, 359.5999999999828, 500.1999999999627, 647.4000000001337, 782.3000000005062, 968.6000000012513, 1119.2000000027415, 1410.4000000057217, 1568.3000000116822]

KL_UCB
    [91.24000000000234, 117.5000000000037, 141.21999999999449, 160.61999999995382, 181.4399999998647, 199.2799999996914, 207.57999999934026, 232.11999999867012, 254.55999999736846]

THOMPSON
    [51.94000000000165, 57.820000000004235, 63.040000000009094, 72.46000000001897, 81.54000000003931, 91.54000000006377, 95.30000000004463, 104.97999999988582, 105.51999999936254]

BATCHED
    [72.72000000000007, 75.88000000000002, 83.03999999999998, 92.25999999999993, 137.07999999999956, 265.9799999999995, 506.1799999999996]

INFINITE
    [58.99999999999958, 153.95999999998173, 160.34000000000043, 238.59999999999525, 255.5400000001368, 324.82000000010925]