0.13009440126957145
0.12442502614680283
0.11899006103446513
0.11378851201433873
0.1088482135210196
0.10423519650371875
0.09982823963504328
0.09564939046400073
0.09190722149731388
0.08843037612633844
0.08517645269088595
0.08211648512794106
0.07925490230193459
0.07656809322292589
0.07401275516818612
0.07155620477512509
0.06918694259295091
0.06690205093040098
0.06469870191162923
0.06257417427985473
0.06052577005301625
0.058550904780444286
0.05664707201657682
0.054811841335115345
0.053042856383707336
0.05133783315423551
0.049694558161500785
0.04811088537339657
0.04658705019701211
0.045160017222101695
0.04384831074034187
0.04258423879667959
0.04140515978360526
0.04036025573251541
0.03940837104412482
0.03853317498199208
0.037787524921512175
0.037100804745181126
0.03653920384215248
0.03610577517303553
0.03572139864495439
0.03534879190687139
0.03499421939859153
0.03467223654819275
0.03438983414680573
0.03415756917464548
0.03393017625538448
0.033710150018789437
0.03349811796299755
0.03329164499320934
0.03309624835613079
0.03290426053797903
0.03271663661958658
0.03253501403036566
0.03235640039232948
0.03218064830644658
0.03200768294726701
0.031837431866503826
0.03166982491638118
0.031504794175202244
0.03134227387508716
0.031182200331831486
0.03102451187683694
0.03086914879106636
0.03071605324097605
0.030565169216379084
0.03041815759026948
0.030284055499422077
0.030151781839086476
0.030021292106934612
0.029892543223696538
0.029765493484970998
0.02964010251456453
0.029516331219320922
0.029394141745403383
0.029276777354610223
0.029161911223379064
0.029052952976904026
0.028946084670141974
0.02884045925558186
0.028736049162364656
0.028632827703544306
0.02853076904505513
0.028429848175753756
0.028330040878505564
0.02823132370228707
0.028133673935275147
0.02803706961085668
0.02794148942581494
0.027846912677748803
0.02775331936507982
0.027660965739860027
0.027569702259519872
0.027479341416281916
0.02738986702846163
0.027301263381516207
0.02721351521259949
0.02712660769569719
0.02704052642732417
0.026955257412766005