0.03267036656707748
0.0315217467497447
0.030411512915718815
0.029338490990148458
0.02830153896370561
0.027299546132020173
0.026331432350154973
0.02539614730188768
0.024492669783567542
0.02362000700231817
0.02277719388836002
0.021963292421228478
0.021177390969666615
0.020418603644973395
0.019686069667591417
0.018978952746720262
0.018296440472744084
0.017637743722264815
0.01700209607553434
0.016388753246081956
0.015796992522335282
0.01522611222103577
0.014675431152251842
0.014144288095795326
0.013632041288849216
0.013138067924616918
0.01266176366180577
0.012202542144759517
0.01175983453405722
0.01133308904739783
0.010921770510592274
0.010525359918487059
0.010143354005645464
0.009775264826614836
0.009420619345610502
0.009078959035449086
0.008749839485566204
0.008432830018955518
0.008127513317868392
0.007833485058115503
0.007550353551813692
0.007277739398423645
0.007015275143925902
0.006762604947984804
0.006519384258951958
0.006285279496562936
0.006059967742182772
0.005843136436457922
0.005634483084234282
0.005433714966602751
0.005240548859935907
0.005054710761781091
0.0048759356234773015
0.004703967089364983
0.004538557242459854
0.004379466356463657
0.004226462653986568
0.004079322070857878
0.003937828026403308
0.003801771199569144
0.003670949310775158
0.0035451669093800034
0.003424235166644565
0.003307971674080437
0.0031962002470724386
0.0030887507336657353
0.0029854588284098705
0.002886165891153631
0.002790718770686313
0.00269896963312264
0.002610775794930141
0.0025259995604994256
0.0024445080641593833
0.0023661731165408742
0.002290871055194079
0.002218482599366126
0.0021488927088472638
0.0020819904467952025
0.0020176688464488583
0.001955824781644146
0.001896358841045914
0.0018391752060116083
0.001784181532003614
0.0017312888334686837
0.0016804113721042104
0.001631466548432517
0.001584374796605667
0.0015390594823646573
0.001495446804078189
0.001453465696787499
0.001413047739185069
0.0013741270634562708
0.0013366402679142997
0.0013005263323599874
0.0012657265360992984
0.001232184378552577
0.0011998455023907513
0.00116865761913495
0.001138570437157098
0.0011095355920202443